7
   -7.5e-2      6e-2       0.     7e-2  1.     0.    1
   -5e-2      5e-2     4e-2     6e-2  1000.  0.     2
   -5e-2     -3e-2       0.     4e-2  1000.  0.     2
 -1.5e-2    1.5e-2   0.4e-2     4e-2  1000.  0.     2
    3e-2      5e-2       0.     4e-2  1000.  0.     2
-2.75e-2  -1.75e-2  2.75e-2  3.75e-2  1.     1e+11  3
 1.75e-2   2.75e-2  2.75e-2  3.75e-2  1.    -1e+11 4

-6e-2 11
-5e-2  -3e-2  -2.75e-2 -1.75e-2 -1.5e-2  1.5e-2  1.75e-2  2.75e-2  3e-2  5e-2   6e-2
 0.005  0.0025 0.002    0.0025   0.002   0.002   0.002    0.0025   0.002 0.0025 0.005
 1.5    1.1    1        1.001    1       1       1        1.001    1     1.1    1.5
-1     -1     -1       -1        1       1       1        1        1     1      1

0. 6
0.4e-2   2.75e-2  3.75e-2  4e-2    6e-2   7e-2 
0.002    0.002    0.0025   0.0025  0.003  0.005
1.00001  1.05     1.001    1       1.1    1.5
1        1        1        1       1      1 

0 0
